format: x; U(x)
K1 = 1 W/M/K;  C1 = 1 J/K;  d1 = 1 Kg/M^3;  L1 = 1e-06 microM;  T01 = 1 K;
K2 = 1 W/M/K;  C2 = 1 J/K;  d2 = 1 Kg/M^3;  L2 = 1e-06 microM;  T02 = 1 K;
Data for time t[us]=2e-05
0; 1
0.008; 1
0.016; 1
0.024; 1
0.032; 1
0.04; 1
0.048; 1
0.056; 1
0.064; 1
0.072; 1
0.08; 1
0.088; 1
0.096; 1
0.104; 1
0.112; 1
0.12; 1
0.128; 1
0.136; 1
0.144; 1
0.152; 1
0.16; 1
0.168; 1
0.176; 1
0.184; 1
0.192; 1
0.2; 1
0.208; 1
0.216; 1
0.224; 1
0.232; 1
0.24; 1
0.248; 1
0.256; 1
0.264; 1
0.272; 1
0.28; 1
0.288; 1
0.296; 1
0.304; 1
0.312; 1
0.32; 1
0.328; 1
0.336; 1
0.344; 1
0.352; 1
0.36; 1
0.368; 1
0.376; 1
0.384; 1
0.392; 1
0.4; 1
0.408; 1
0.416; 1
0.424; 1
0.432; 1
0.44; 1
0.448; 1
0.456; 1
0.464; 1
0.472; 1
0.48; 1
0.488; 1
0.496; 1
0.504; 1
0.512; 1
0.52; 1
0.528; 1
0.536; 1
0.544; 1
0.552; 1
0.56; 1
0.568; 1
0.576; 1
0.584; 1
0.592; 1
0.6; 1
0.608; 1
0.616; 1
0.624; 1
0.632; 1
0.64; 1
0.648; 1
0.656; 1
0.664; 1
0.672; 1
0.68; 1
0.688; 1
0.696; 1
0.704; 1
0.712; 1
0.72; 1
0.728; 1
0.736; 1
0.744; 1
0.752; 1
0.76; 1
0.768; 1
0.776; 1
0.784; 1
0.792; 1
0.8; 1
0.808; 1
0.816; 1
0.824; 1
0.832; 1
0.84; 1
0.848; 1
0.856; 1
0.864; 1
0.872; 1
0.88; 1
0.888; 1
0.896; 1
0.904; 1
0.912; 1
0.92; 1
0.928; 1
0.936; 1
0.944; 1
0.952; 1
0.96; 1
0.968; 1
0.976; 1
0.984; 1
0.992; 1
1; 1
1.008; 1
1.016; 1
1.024; 1
1.032; 1
1.04; 1
1.048; 1
1.056; 1
1.064; 1
1.072; 1
1.08; 1
1.088; 1
1.096; 1
1.104; 1
1.112; 1
1.12; 1
1.128; 1
1.136; 1
1.144; 1
1.152; 1
1.16; 1
1.168; 1
1.176; 1
1.184; 1
1.192; 1
1.2; 1
1.208; 1
1.216; 1
1.224; 1
1.232; 1
1.24; 1
1.248; 1
1.256; 1
1.264; 1
1.272; 1
1.28; 1
1.288; 1
1.296; 1
1.304; 1
1.312; 1
1.32; 1
1.328; 1
1.336; 1
1.344; 1
1.352; 1
1.36; 1
1.368; 1
1.376; 1
1.384; 1
1.392; 1
1.4; 1
1.408; 1
1.416; 1
1.424; 1
1.432; 1
1.44; 1
1.448; 1
1.456; 1
1.464; 1
1.472; 1
1.48; 1
1.488; 1
1.496; 1
1.504; 1
1.512; 1
1.52; 1
1.528; 1
1.536; 1
1.544; 1
1.552; 1
1.56; 1
1.568; 1
1.576; 1
1.584; 1
1.592; 1
1.6; 1
1.608; 1
1.616; 1
1.624; 1
1.632; 1
1.64; 1
1.648; 1
1.656; 1
1.664; 1
1.672; 1
1.68; 1
1.688; 1
1.696; 1
1.704; 1
1.712; 1
1.72; 1
1.728; 1
1.736; 1
1.744; 1
1.752; 1
1.76; 1
1.768; 1
1.776; 1
1.784; 1
1.792; 1
1.8; 1
1.808; 1
1.816; 1
1.824; 1
1.832; 1
1.84; 1
1.848; 1
1.856; 1
1.864; 1
1.872; 1
1.88; 1
1.888; 1
1.896; 1
1.904; 1
1.912; 1
1.92; 1
1.928; 1
1.936; 1
1.944; 1
1.952; 1
1.96; 1
1.968; 1
1.976; 1
1.984; 1
1.992; 1
2; 1
Data for time t[us]=0.0002
0; 1
0.008; 1
0.016; 1
0.024; 1
0.032; 1
0.04; 1
0.048; 1
0.056; 1
0.064; 1
0.072; 1
0.08; 1
0.088; 1
0.096; 1
0.104; 1
0.112; 1
0.12; 1
0.128; 1
0.136; 1
0.144; 1
0.152; 1
0.16; 1
0.168; 1
0.176; 1
0.184; 1
0.192; 1
0.2; 1
0.208; 1
0.216; 1
0.224; 1
0.232; 1
0.24; 1
0.248; 1
0.256; 1
0.264; 1
0.272; 1
0.28; 1
0.288; 1
0.296; 1
0.304; 1
0.312; 1
0.32; 1
0.328; 1
0.336; 1
0.344; 1
0.352; 1
0.36; 1
0.368; 1
0.376; 1
0.384; 1
0.392; 1
0.4; 1
0.408; 1
0.416; 1
0.424; 1
0.432; 1
0.44; 1
0.448; 1
0.456; 1
0.464; 1
0.472; 1
0.48; 1
0.488; 1
0.496; 1
0.504; 1
0.512; 1
0.52; 1
0.528; 1
0.536; 1
0.544; 1
0.552; 1
0.56; 1
0.568; 1
0.576; 1
0.584; 1
0.592; 1
0.6; 1
0.608; 1
0.616; 1
0.624; 1
0.632; 1
0.64; 1
0.648; 1
0.656; 1
0.664; 1
0.672; 1
0.68; 1
0.688; 1
0.696; 1
0.704; 1
0.712; 1
0.72; 1
0.728; 1
0.736; 1
0.744; 1
0.752; 1
0.76; 1
0.768; 1
0.776; 1
0.784; 1
0.792; 1
0.8; 1
0.808; 1
0.816; 1
0.824; 1
0.832; 1
0.84; 1
0.848; 1
0.856; 1
0.864; 1
0.872; 1
0.88; 1
0.888; 1
0.896; 1
0.904; 1
0.912; 1
0.92; 1
0.928; 1
0.936; 1
0.944; 1
0.952; 1
0.96; 1
0.968; 1
0.976; 1
0.984; 1
0.992; 1
1; 1
1.008; 1
1.016; 1
1.024; 1
1.032; 1
1.04; 1
1.048; 1
1.056; 1
1.064; 1
1.072; 1
1.08; 1
1.088; 1
1.096; 1
1.104; 1
1.112; 1
1.12; 1
1.128; 1
1.136; 1
1.144; 1
1.152; 1
1.16; 1
1.168; 1
1.176; 1
1.184; 1
1.192; 1
1.2; 1
1.208; 1
1.216; 1
1.224; 1
1.232; 1
1.24; 1
1.248; 1
1.256; 1
1.264; 1
1.272; 1
1.28; 1
1.288; 1
1.296; 1
1.304; 1
1.312; 1
1.32; 1
1.328; 1
1.336; 1
1.344; 1
1.352; 1
1.36; 1
1.368; 1
1.376; 1
1.384; 1
1.392; 1
1.4; 1
1.408; 1
1.416; 1
1.424; 1
1.432; 1
1.44; 1
1.448; 1
1.456; 1
1.464; 1
1.472; 1
1.48; 1
1.488; 1
1.496; 1
1.504; 1
1.512; 1
1.52; 1
1.528; 1
1.536; 1
1.544; 1
1.552; 1
1.56; 1
1.568; 1
1.576; 1
1.584; 1
1.592; 1
1.6; 1
1.608; 1
1.616; 1
1.624; 1
1.632; 1
1.64; 1
1.648; 1
1.656; 1
1.664; 1
1.672; 1
1.68; 1
1.688; 1
1.696; 1
1.704; 1
1.712; 1
1.72; 1
1.728; 1
1.736; 1
1.744; 1
1.752; 1
1.76; 1
1.768; 1
1.776; 1
1.784; 1
1.792; 1
1.8; 1
1.808; 1
1.816; 1
1.824; 1
1.832; 1
1.84; 1
1.848; 1
1.856; 1
1.864; 1
1.872; 1
1.88; 1
1.888; 1
1.896; 1
1.904; 1
1.912; 1
1.92; 1
1.928; 1
1.936; 1
1.944; 1
1.952; 1
1.96; 1
1.968; 1
1.976; 1
1.984; 1
1.992; 1
2; 1
Data for time t[us]=0.002
0; 0.999998
0.008; 0.999998
0.016; 0.999998
0.024; 0.999998
0.032; 0.999998
0.04; 0.999998
0.048; 0.999998
0.056; 0.999998
0.064; 0.999998
0.072; 0.999998
0.08; 0.999998
0.088; 0.999998
0.096; 0.999998
0.104; 0.999998
0.112; 0.999998
0.12; 0.999998
0.128; 0.999998
0.136; 0.999998
0.144; 0.999998
0.152; 0.999998
0.16; 0.999998
0.168; 0.999998
0.176; 0.999998
0.184; 0.999998
0.192; 0.999998
0.2; 0.999998
0.208; 0.999998
0.216; 0.999998
0.224; 0.999998
0.232; 0.999998
0.24; 0.999998
0.248; 0.999998
0.256; 0.999998
0.264; 0.999998
0.272; 0.999998
0.28; 0.999998
0.288; 0.999998
0.296; 0.999998
0.304; 0.999998
0.312; 0.999998
0.32; 0.999998
0.328; 0.999998
0.336; 0.999998
0.344; 0.999998
0.352; 0.999998
0.36; 0.999998
0.368; 0.999998
0.376; 0.999998
0.384; 0.999998
0.392; 0.999998
0.4; 0.999998
0.408; 0.999998
0.416; 0.999998
0.424; 0.999998
0.432; 0.999998
0.44; 0.999998
0.448; 0.999998
0.456; 0.999998
0.464; 0.999998
0.472; 0.999998
0.48; 0.999998
0.488; 0.999998
0.496; 0.999998
0.504; 0.999998
0.512; 0.999998
0.52; 0.999998
0.528; 0.999998
0.536; 0.999998
0.544; 0.999998
0.552; 0.999998
0.56; 0.999998
0.568; 0.999998
0.576; 0.999998
0.584; 0.999998
0.592; 0.999998
0.6; 0.999998
0.608; 0.999998
0.616; 0.999998
0.624; 0.999998
0.632; 0.999998
0.64; 0.999998
0.648; 0.999998
0.656; 0.999998
0.664; 0.999998
0.672; 0.999998
0.68; 0.999998
0.688; 0.999998
0.696; 0.999998
0.704; 0.999998
0.712; 0.999998
0.72; 0.999998
0.728; 0.999998
0.736; 0.999998
0.744; 0.999998
0.752; 0.999998
0.76; 0.999998
0.768; 0.999998
0.776; 0.999998
0.784; 0.999998
0.792; 0.999998
0.8; 0.999998
0.808; 0.999998
0.816; 0.999998
0.824; 0.999998
0.832; 0.999998
0.84; 0.999998
0.848; 0.999998
0.856; 0.999998
0.864; 0.999998
0.872; 0.999998
0.88; 0.999998
0.888; 0.999998
0.896; 0.999998
0.904; 0.999998
0.912; 0.999998
0.92; 0.999998
0.928; 0.999998
0.936; 0.999998
0.944; 0.999998
0.952; 0.999998
0.96; 0.999998
0.968; 0.999998
0.976; 0.999998
0.984; 0.999998
0.992; 0.999998
1; 0.999998
1.008; 0.999998
1.016; 0.999998
1.024; 0.999998
1.032; 0.999998
1.04; 0.999998
1.048; 0.999998
1.056; 0.999998
1.064; 0.999998
1.072; 0.999998
1.08; 0.999998
1.088; 0.999998
1.096; 0.999998
1.104; 0.999998
1.112; 0.999998
1.12; 0.999998
1.128; 0.999998
1.136; 0.999998
1.144; 0.999998
1.152; 0.999998
1.16; 0.999998
1.168; 0.999998
1.176; 0.999998
1.184; 0.999998
1.192; 0.999998
1.2; 0.999998
1.208; 0.999998
1.216; 0.999998
1.224; 0.999998
1.232; 0.999998
1.24; 0.999998
1.248; 0.999998
1.256; 0.999998
1.264; 0.999998
1.272; 0.999998
1.28; 0.999998
1.288; 0.999998
1.296; 0.999998
1.304; 0.999998
1.312; 0.999998
1.32; 0.999998
1.328; 0.999998
1.336; 0.999998
1.344; 0.999998
1.352; 0.999998
1.36; 0.999998
1.368; 0.999998
1.376; 0.999998
1.384; 0.999998
1.392; 0.999998
1.4; 0.999998
1.408; 0.999998
1.416; 0.999998
1.424; 0.999998
1.432; 0.999998
1.44; 0.999998
1.448; 0.999998
1.456; 0.999998
1.464; 0.999998
1.472; 0.999998
1.48; 0.999998
1.488; 0.999998
1.496; 0.999998
1.504; 0.999998
1.512; 0.999998
1.52; 0.999998
1.528; 0.999998
1.536; 0.999998
1.544; 0.999998
1.552; 0.999998
1.56; 0.999998
1.568; 0.999998
1.576; 0.999998
1.584; 0.999998
1.592; 0.999998
1.6; 0.999998
1.608; 0.999998
1.616; 0.999998
1.624; 0.999998
1.632; 0.999998
1.64; 0.999998
1.648; 0.999998
1.656; 0.999998
1.664; 0.999998
1.672; 0.999998
1.68; 0.999998
1.688; 0.999998
1.696; 0.999998
1.704; 0.999998
1.712; 0.999998
1.72; 0.999998
1.728; 0.999998
1.736; 0.999998
1.744; 0.999998
1.752; 0.999998
1.76; 0.999998
1.768; 0.999998
1.776; 0.999998
1.784; 0.999998
1.792; 0.999998
1.8; 0.999998
1.808; 0.999998
1.816; 0.999998
1.824; 0.999998
1.832; 0.999998
1.84; 0.999998
1.848; 0.999998
1.856; 0.999998
1.864; 0.999998
1.872; 0.999998
1.88; 0.999998
1.888; 0.999998
1.896; 0.999998
1.904; 0.999998
1.912; 0.999998
1.92; 0.999998
1.928; 0.999998
1.936; 0.999998
1.944; 0.999998
1.952; 0.999998
1.96; 0.999998
1.968; 0.999998
1.976; 0.999998
1.984; 0.999998
1.992; 0.999998
2; 0.999998
Data for time t[us]=0.01
0; 0.999989
0.008; 0.999989
0.016; 0.999989
0.024; 0.999989
0.032; 0.999989
0.04; 0.999989
0.048; 0.999989
0.056; 0.999989
0.064; 0.999989
0.072; 0.999989
0.08; 0.999989
0.088; 0.999989
0.096; 0.999989
0.104; 0.999989
0.112; 0.999989
0.12; 0.999989
0.128; 0.999989
0.136; 0.999989
0.144; 0.999989
0.152; 0.999989
0.16; 0.999989
0.168; 0.999989
0.176; 0.999989
0.184; 0.999989
0.192; 0.999989
0.2; 0.999989
0.208; 0.999989
0.216; 0.999989
0.224; 0.999989
0.232; 0.999989
0.24; 0.999989
0.248; 0.999989
0.256; 0.999989
0.264; 0.999989
0.272; 0.999989
0.28; 0.999989
0.288; 0.999989
0.296; 0.999989
0.304; 0.999989
0.312; 0.999989
0.32; 0.999989
0.328; 0.999989
0.336; 0.999989
0.344; 0.999989
0.352; 0.999989
0.36; 0.999989
0.368; 0.999989
0.376; 0.999989
0.384; 0.999989
0.392; 0.999989
0.4; 0.999989
0.408; 0.999989
0.416; 0.999989
0.424; 0.999989
0.432; 0.999989
0.44; 0.999989
0.448; 0.999989
0.456; 0.999989
0.464; 0.999989
0.472; 0.999989
0.48; 0.999989
0.488; 0.999989
0.496; 0.999989
0.504; 0.999989
0.512; 0.999989
0.52; 0.999989
0.528; 0.999989
0.536; 0.999989
0.544; 0.999989
0.552; 0.999989
0.56; 0.999989
0.568; 0.999989
0.576; 0.999989
0.584; 0.999989
0.592; 0.999989
0.6; 0.999989
0.608; 0.999989
0.616; 0.999989
0.624; 0.999989
0.632; 0.999989
0.64; 0.999989
0.648; 0.999989
0.656; 0.999989
0.664; 0.999989
0.672; 0.999989
0.68; 0.999989
0.688; 0.999989
0.696; 0.999989
0.704; 0.999989
0.712; 0.999989
0.72; 0.999989
0.728; 0.999989
0.736; 0.999989
0.744; 0.999989
0.752; 0.999989
0.76; 0.999989
0.768; 0.999989
0.776; 0.999989
0.784; 0.999989
0.792; 0.999989
0.8; 0.999989
0.808; 0.999989
0.816; 0.999989
0.824; 0.999989
0.832; 0.999989
0.84; 0.999989
0.848; 0.999989
0.856; 0.999989
0.864; 0.999989
0.872; 0.999989
0.88; 0.999989
0.888; 0.999989
0.896; 0.999989
0.904; 0.999989
0.912; 0.999989
0.92; 0.999989
0.928; 0.999989
0.936; 0.999989
0.944; 0.999989
0.952; 0.999989
0.96; 0.999989
0.968; 0.999989
0.976; 0.999989
0.984; 0.999989
0.992; 0.999989
1; 0.999989
1.008; 0.999989
1.016; 0.999989
1.024; 0.999989
1.032; 0.999989
1.04; 0.999989
1.048; 0.999989
1.056; 0.999989
1.064; 0.999989
1.072; 0.999989
1.08; 0.999989
1.088; 0.999989
1.096; 0.999989
1.104; 0.999989
1.112; 0.999989
1.12; 0.999989
1.128; 0.999989
1.136; 0.999989
1.144; 0.999989
1.152; 0.999989
1.16; 0.999989
1.168; 0.999989
1.176; 0.999989
1.184; 0.999989
1.192; 0.999989
1.2; 0.999989
1.208; 0.999989
1.216; 0.999989
1.224; 0.999989
1.232; 0.999989
1.24; 0.999989
1.248; 0.999989
1.256; 0.999989
1.264; 0.999989
1.272; 0.999989
1.28; 0.999989
1.288; 0.999989
1.296; 0.999989
1.304; 0.999989
1.312; 0.999989
1.32; 0.999989
1.328; 0.999989
1.336; 0.999989
1.344; 0.999989
1.352; 0.999989
1.36; 0.999989
1.368; 0.999989
1.376; 0.999989
1.384; 0.999989
1.392; 0.999989
1.4; 0.999989
1.408; 0.999989
1.416; 0.999989
1.424; 0.999989
1.432; 0.999989
1.44; 0.999989
1.448; 0.999989
1.456; 0.999989
1.464; 0.999989
1.472; 0.999989
1.48; 0.999989
1.488; 0.999989
1.496; 0.999989
1.504; 0.999989
1.512; 0.999989
1.52; 0.999989
1.528; 0.999989
1.536; 0.999989
1.544; 0.999989
1.552; 0.999989
1.56; 0.999989
1.568; 0.999989
1.576; 0.999989
1.584; 0.999989
1.592; 0.999989
1.6; 0.999989
1.608; 0.999989
1.616; 0.999989
1.624; 0.999989
1.632; 0.999989
1.64; 0.999989
1.648; 0.999989
1.656; 0.999989
1.664; 0.999989
1.672; 0.999989
1.68; 0.999989
1.688; 0.999989
1.696; 0.999989
1.704; 0.999989
1.712; 0.999989
1.72; 0.999989
1.728; 0.999989
1.736; 0.999989
1.744; 0.999989
1.752; 0.999989
1.76; 0.999989
1.768; 0.999989
1.776; 0.999989
1.784; 0.999989
1.792; 0.999989
1.8; 0.999989
1.808; 0.999989
1.816; 0.999989
1.824; 0.999989
1.832; 0.999989
1.84; 0.999989
1.848; 0.999989
1.856; 0.999989
1.864; 0.999989
1.872; 0.999989
1.88; 0.999989
1.888; 0.999989
1.896; 0.999989
1.904; 0.999989
1.912; 0.999989
1.92; 0.999989
1.928; 0.999989
1.936; 0.999989
1.944; 0.999989
1.952; 0.999989
1.96; 0.999989
1.968; 0.999989
1.976; 0.999989
1.984; 0.999989
1.992; 0.999989
2; 0.999989
Data for time t[us]=0.02
0; 0.999978
0.008; 0.999978
0.016; 0.999978
0.024; 0.999978
0.032; 0.999978
0.04; 0.999978
0.048; 0.999978
0.056; 0.999978
0.064; 0.999978
0.072; 0.999978
0.08; 0.999978
0.088; 0.999978
0.096; 0.999978
0.104; 0.999978
0.112; 0.999978
0.12; 0.999978
0.128; 0.999978
0.136; 0.999978
0.144; 0.999978
0.152; 0.999978
0.16; 0.999978
0.168; 0.999978
0.176; 0.999978
0.184; 0.999978
0.192; 0.999978
0.2; 0.999978
0.208; 0.999978
0.216; 0.999978
0.224; 0.999978
0.232; 0.999978
0.24; 0.999978
0.248; 0.999978
0.256; 0.999978
0.264; 0.999978
0.272; 0.999978
0.28; 0.999978
0.288; 0.999978
0.296; 0.999978
0.304; 0.999978
0.312; 0.999978
0.32; 0.999978
0.328; 0.999978
0.336; 0.999978
0.344; 0.999978
0.352; 0.999978
0.36; 0.999978
0.368; 0.999978
0.376; 0.999978
0.384; 0.999978
0.392; 0.999978
0.4; 0.999978
0.408; 0.999978
0.416; 0.999978
0.424; 0.999978
0.432; 0.999978
0.44; 0.999978
0.448; 0.999978
0.456; 0.999978
0.464; 0.999978
0.472; 0.999978
0.48; 0.999978
0.488; 0.999978
0.496; 0.999978
0.504; 0.999978
0.512; 0.999978
0.52; 0.999978
0.528; 0.999978
0.536; 0.999978
0.544; 0.999978
0.552; 0.999978
0.56; 0.999978
0.568; 0.999978
0.576; 0.999978
0.584; 0.999978
0.592; 0.999978
0.6; 0.999978
0.608; 0.999978
0.616; 0.999978
0.624; 0.999978
0.632; 0.999978
0.64; 0.999978
0.648; 0.999978
0.656; 0.999978
0.664; 0.999978
0.672; 0.999978
0.68; 0.999978
0.688; 0.999978
0.696; 0.999978
0.704; 0.999978
0.712; 0.999978
0.72; 0.999978
0.728; 0.999978
0.736; 0.999978
0.744; 0.999978
0.752; 0.999978
0.76; 0.999978
0.768; 0.999978
0.776; 0.999978
0.784; 0.999978
0.792; 0.999978
0.8; 0.999978
0.808; 0.999978
0.816; 0.999978
0.824; 0.999978
0.832; 0.999978
0.84; 0.999978
0.848; 0.999978
0.856; 0.999978
0.864; 0.999978
0.872; 0.999978
0.88; 0.999978
0.888; 0.999978
0.896; 0.999978
0.904; 0.999978
0.912; 0.999978
0.92; 0.999978
0.928; 0.999978
0.936; 0.999978
0.944; 0.999978
0.952; 0.999978
0.96; 0.999978
0.968; 0.999978
0.976; 0.999978
0.984; 0.999978
0.992; 0.999978
1; 0.999978
1.008; 0.999978
1.016; 0.999978
1.024; 0.999978
1.032; 0.999978
1.04; 0.999978
1.048; 0.999978
1.056; 0.999978
1.064; 0.999978
1.072; 0.999978
1.08; 0.999978
1.088; 0.999978
1.096; 0.999978
1.104; 0.999978
1.112; 0.999978
1.12; 0.999978
1.128; 0.999978
1.136; 0.999978
1.144; 0.999978
1.152; 0.999978
1.16; 0.999978
1.168; 0.999978
1.176; 0.999978
1.184; 0.999978
1.192; 0.999978
1.2; 0.999978
1.208; 0.999978
1.216; 0.999978
1.224; 0.999978
1.232; 0.999978
1.24; 0.999978
1.248; 0.999978
1.256; 0.999978
1.264; 0.999978
1.272; 0.999978
1.28; 0.999978
1.288; 0.999978
1.296; 0.999978
1.304; 0.999978
1.312; 0.999978
1.32; 0.999978
1.328; 0.999978
1.336; 0.999978
1.344; 0.999978
1.352; 0.999978
1.36; 0.999978
1.368; 0.999978
1.376; 0.999978
1.384; 0.999978
1.392; 0.999978
1.4; 0.999978
1.408; 0.999978
1.416; 0.999978
1.424; 0.999978
1.432; 0.999978
1.44; 0.999978
1.448; 0.999978
1.456; 0.999978
1.464; 0.999978
1.472; 0.999978
1.48; 0.999978
1.488; 0.999978
1.496; 0.999978
1.504; 0.999978
1.512; 0.999978
1.52; 0.999978
1.528; 0.999978
1.536; 0.999978
1.544; 0.999978
1.552; 0.999978
1.56; 0.999978
1.568; 0.999978
1.576; 0.999978
1.584; 0.999978
1.592; 0.999978
1.6; 0.999978
1.608; 0.999978
1.616; 0.999978
1.624; 0.999978
1.632; 0.999978
1.64; 0.999978
1.648; 0.999978
1.656; 0.999978
1.664; 0.999978
1.672; 0.999978
1.68; 0.999978
1.688; 0.999978
1.696; 0.999978
1.704; 0.999978
1.712; 0.999978
1.72; 0.999978
1.728; 0.999978
1.736; 0.999978
1.744; 0.999978
1.752; 0.999978
1.76; 0.999978
1.768; 0.999978
1.776; 0.999978
1.784; 0.999978
1.792; 0.999978
1.8; 0.999978
1.808; 0.999978
1.816; 0.999978
1.824; 0.999978
1.832; 0.999978
1.84; 0.999978
1.848; 0.999978
1.856; 0.999978
1.864; 0.999978
1.872; 0.999978
1.88; 0.999978
1.888; 0.999978
1.896; 0.999978
1.904; 0.999978
1.912; 0.999978
1.92; 0.999978
1.928; 0.999978
1.936; 0.999978
1.944; 0.999978
1.952; 0.999978
1.96; 0.999978
1.968; 0.999978
1.976; 0.999978
1.984; 0.999978
1.992; 0.999978
2; 0.999978
Data for time t[us]=0.04
0; 0.999957
0.008; 0.999957
0.016; 0.999957
0.024; 0.999957
0.032; 0.999957
0.04; 0.999957
0.048; 0.999957
0.056; 0.999957
0.064; 0.999957
0.072; 0.999957
0.08; 0.999957
0.088; 0.999957
0.096; 0.999957
0.104; 0.999957
0.112; 0.999957
0.12; 0.999957
0.128; 0.999957
0.136; 0.999957
0.144; 0.999957
0.152; 0.999957
0.16; 0.999957
0.168; 0.999957
0.176; 0.999957
0.184; 0.999957
0.192; 0.999957
0.2; 0.999957
0.208; 0.999957
0.216; 0.999957
0.224; 0.999957
0.232; 0.999957
0.24; 0.999957
0.248; 0.999957
0.256; 0.999957
0.264; 0.999957
0.272; 0.999957
0.28; 0.999957
0.288; 0.999957
0.296; 0.999957
0.304; 0.999957
0.312; 0.999957
0.32; 0.999957
0.328; 0.999957
0.336; 0.999957
0.344; 0.999957
0.352; 0.999957
0.36; 0.999957
0.368; 0.999957
0.376; 0.999957
0.384; 0.999957
0.392; 0.999957
0.4; 0.999957
0.408; 0.999957
0.416; 0.999957
0.424; 0.999957
0.432; 0.999957
0.44; 0.999957
0.448; 0.999957
0.456; 0.999957
0.464; 0.999957
0.472; 0.999957
0.48; 0.999957
0.488; 0.999957
0.496; 0.999957
0.504; 0.999957
0.512; 0.999957
0.52; 0.999957
0.528; 0.999957
0.536; 0.999957
0.544; 0.999957
0.552; 0.999957
0.56; 0.999957
0.568; 0.999957
0.576; 0.999957
0.584; 0.999957
0.592; 0.999957
0.6; 0.999957
0.608; 0.999957
0.616; 0.999957
0.624; 0.999957
0.632; 0.999957
0.64; 0.999957
0.648; 0.999957
0.656; 0.999957
0.664; 0.999957
0.672; 0.999957
0.68; 0.999957
0.688; 0.999957
0.696; 0.999957
0.704; 0.999957
0.712; 0.999957
0.72; 0.999957
0.728; 0.999957
0.736; 0.999957
0.744; 0.999957
0.752; 0.999957
0.76; 0.999957
0.768; 0.999957
0.776; 0.999957
0.784; 0.999957
0.792; 0.999957
0.8; 0.999957
0.808; 0.999957
0.816; 0.999957
0.824; 0.999957
0.832; 0.999957
0.84; 0.999957
0.848; 0.999957
0.856; 0.999957
0.864; 0.999957
0.872; 0.999957
0.88; 0.999957
0.888; 0.999957
0.896; 0.999957
0.904; 0.999957
0.912; 0.999957
0.92; 0.999957
0.928; 0.999957
0.936; 0.999957
0.944; 0.999957
0.952; 0.999957
0.96; 0.999957
0.968; 0.999957
0.976; 0.999957
0.984; 0.999957
0.992; 0.999957
1; 0.999957
1.008; 0.999957
1.016; 0.999957
1.024; 0.999957
1.032; 0.999957
1.04; 0.999957
1.048; 0.999957
1.056; 0.999957
1.064; 0.999957
1.072; 0.999957
1.08; 0.999957
1.088; 0.999957
1.096; 0.999957
1.104; 0.999957
1.112; 0.999957
1.12; 0.999957
1.128; 0.999957
1.136; 0.999957
1.144; 0.999957
1.152; 0.999957
1.16; 0.999957
1.168; 0.999957
1.176; 0.999957
1.184; 0.999957
1.192; 0.999957
1.2; 0.999957
1.208; 0.999957
1.216; 0.999957
1.224; 0.999957
1.232; 0.999957
1.24; 0.999957
1.248; 0.999957
1.256; 0.999957
1.264; 0.999957
1.272; 0.999957
1.28; 0.999957
1.288; 0.999957
1.296; 0.999957
1.304; 0.999957
1.312; 0.999957
1.32; 0.999957
1.328; 0.999957
1.336; 0.999957
1.344; 0.999957
1.352; 0.999957
1.36; 0.999957
1.368; 0.999957
1.376; 0.999957
1.384; 0.999957
1.392; 0.999957
1.4; 0.999957
1.408; 0.999957
1.416; 0.999957
1.424; 0.999957
1.432; 0.999957
1.44; 0.999957
1.448; 0.999957
1.456; 0.999957
1.464; 0.999957
1.472; 0.999957
1.48; 0.999957
1.488; 0.999957
1.496; 0.999957
1.504; 0.999957
1.512; 0.999957
1.52; 0.999957
1.528; 0.999957
1.536; 0.999957
1.544; 0.999957
1.552; 0.999957
1.56; 0.999957
1.568; 0.999957
1.576; 0.999957
1.584; 0.999957
1.592; 0.999957
1.6; 0.999957
1.608; 0.999957
1.616; 0.999957
1.624; 0.999957
1.632; 0.999957
1.64; 0.999957
1.648; 0.999957
1.656; 0.999957
1.664; 0.999957
1.672; 0.999957
1.68; 0.999957
1.688; 0.999957
1.696; 0.999957
1.704; 0.999957
1.712; 0.999957
1.72; 0.999957
1.728; 0.999957
1.736; 0.999957
1.744; 0.999957
1.752; 0.999957
1.76; 0.999957
1.768; 0.999957
1.776; 0.999957
1.784; 0.999957
1.792; 0.999957
1.8; 0.999957
1.808; 0.999957
1.816; 0.999957
1.824; 0.999957
1.832; 0.999957
1.84; 0.999957
1.848; 0.999957
1.856; 0.999957
1.864; 0.999957
1.872; 0.999957
1.88; 0.999957
1.888; 0.999957
1.896; 0.999957
1.904; 0.999957
1.912; 0.999957
1.92; 0.999957
1.928; 0.999957
1.936; 0.999957
1.944; 0.999957
1.952; 0.999957
1.96; 0.999957
1.968; 0.999957
1.976; 0.999957
1.984; 0.999957
1.992; 0.999957
2; 0.999957
Data for time t[us]=0.06
0; 0.999935
0.008; 0.999935
0.016; 0.999935
0.024; 0.999935
0.032; 0.999935
0.04; 0.999935
0.048; 0.999935
0.056; 0.999935
0.064; 0.999935
0.072; 0.999935
0.08; 0.999935
0.088; 0.999935
0.096; 0.999935
0.104; 0.999935
0.112; 0.999935
0.12; 0.999935
0.128; 0.999935
0.136; 0.999935
0.144; 0.999935
0.152; 0.999935
0.16; 0.999935
0.168; 0.999935
0.176; 0.999935
0.184; 0.999935
0.192; 0.999935
0.2; 0.999935
0.208; 0.999935
0.216; 0.999935
0.224; 0.999935
0.232; 0.999935
0.24; 0.999935
0.248; 0.999935
0.256; 0.999935
0.264; 0.999935
0.272; 0.999935
0.28; 0.999935
0.288; 0.999935
0.296; 0.999935
0.304; 0.999935
0.312; 0.999935
0.32; 0.999935
0.328; 0.999935
0.336; 0.999935
0.344; 0.999935
0.352; 0.999935
0.36; 0.999935
0.368; 0.999935
0.376; 0.999935
0.384; 0.999935
0.392; 0.999935
0.4; 0.999935
0.408; 0.999935
0.416; 0.999935
0.424; 0.999935
0.432; 0.999935
0.44; 0.999935
0.448; 0.999935
0.456; 0.999935
0.464; 0.999935
0.472; 0.999935
0.48; 0.999935
0.488; 0.999935
0.496; 0.999935
0.504; 0.999935
0.512; 0.999935
0.52; 0.999935
0.528; 0.999935
0.536; 0.999935
0.544; 0.999935
0.552; 0.999935
0.56; 0.999935
0.568; 0.999935
0.576; 0.999935
0.584; 0.999935
0.592; 0.999935
0.6; 0.999935
0.608; 0.999935
0.616; 0.999935
0.624; 0.999935
0.632; 0.999935
0.64; 0.999935
0.648; 0.999935
0.656; 0.999935
0.664; 0.999935
0.672; 0.999935
0.68; 0.999935
0.688; 0.999935
0.696; 0.999935
0.704; 0.999935
0.712; 0.999935
0.72; 0.999935
0.728; 0.999935
0.736; 0.999935
0.744; 0.999935
0.752; 0.999935
0.76; 0.999935
0.768; 0.999935
0.776; 0.999935
0.784; 0.999935
0.792; 0.999935
0.8; 0.999935
0.808; 0.999935
0.816; 0.999935
0.824; 0.999935
0.832; 0.999935
0.84; 0.999935
0.848; 0.999935
0.856; 0.999935
0.864; 0.999935
0.872; 0.999935
0.88; 0.999935
0.888; 0.999935
0.896; 0.999935
0.904; 0.999935
0.912; 0.999935
0.92; 0.999935
0.928; 0.999935
0.936; 0.999935
0.944; 0.999935
0.952; 0.999935
0.96; 0.999935
0.968; 0.999935
0.976; 0.999935
0.984; 0.999935
0.992; 0.999935
1; 0.999935
1.008; 0.999935
1.016; 0.999935
1.024; 0.999935
1.032; 0.999935
1.04; 0.999935
1.048; 0.999935
1.056; 0.999935
1.064; 0.999935
1.072; 0.999935
1.08; 0.999935
1.088; 0.999935
1.096; 0.999935
1.104; 0.999935
1.112; 0.999935
1.12; 0.999935
1.128; 0.999935
1.136; 0.999935
1.144; 0.999935
1.152; 0.999935
1.16; 0.999935
1.168; 0.999935
1.176; 0.999935
1.184; 0.999935
1.192; 0.999935
1.2; 0.999935
1.208; 0.999935
1.216; 0.999935
1.224; 0.999935
1.232; 0.999935
1.24; 0.999935
1.248; 0.999935
1.256; 0.999935
1.264; 0.999935
1.272; 0.999935
1.28; 0.999935
1.288; 0.999935
1.296; 0.999935
1.304; 0.999935
1.312; 0.999935
1.32; 0.999935
1.328; 0.999935
1.336; 0.999935
1.344; 0.999935
1.352; 0.999935
1.36; 0.999935
1.368; 0.999935
1.376; 0.999935
1.384; 0.999935
1.392; 0.999935
1.4; 0.999935
1.408; 0.999935
1.416; 0.999935
1.424; 0.999935
1.432; 0.999935
1.44; 0.999935
1.448; 0.999935
1.456; 0.999935
1.464; 0.999935
1.472; 0.999935
1.48; 0.999935
1.488; 0.999935
1.496; 0.999935
1.504; 0.999935
1.512; 0.999935
1.52; 0.999935
1.528; 0.999935
1.536; 0.999935
1.544; 0.999935
1.552; 0.999935
1.56; 0.999935
1.568; 0.999935
1.576; 0.999935
1.584; 0.999935
1.592; 0.999935
1.6; 0.999935
1.608; 0.999935
1.616; 0.999935
1.624; 0.999935
1.632; 0.999935
1.64; 0.999935
1.648; 0.999935
1.656; 0.999935
1.664; 0.999935
1.672; 0.999935
1.68; 0.999935
1.688; 0.999935
1.696; 0.999935
1.704; 0.999935
1.712; 0.999935
1.72; 0.999935
1.728; 0.999935
1.736; 0.999935
1.744; 0.999935
1.752; 0.999935
1.76; 0.999935
1.768; 0.999935
1.776; 0.999935
1.784; 0.999935
1.792; 0.999935
1.8; 0.999935
1.808; 0.999935
1.816; 0.999935
1.824; 0.999935
1.832; 0.999935
1.84; 0.999935
1.848; 0.999935
1.856; 0.999935
1.864; 0.999935
1.872; 0.999935
1.88; 0.999935
1.888; 0.999935
1.896; 0.999935
1.904; 0.999935
1.912; 0.999935
1.92; 0.999935
1.928; 0.999935
1.936; 0.999935
1.944; 0.999935
1.952; 0.999935
1.96; 0.999935
1.968; 0.999935
1.976; 0.999935
1.984; 0.999935
1.992; 0.999935
2; 0.999935
Data for time t[us]=0.1
0; 0.999891
0.008; 0.999891
0.016; 0.999891
0.024; 0.999891
0.032; 0.999891
0.04; 0.999891
0.048; 0.999891
0.056; 0.999891
0.064; 0.999891
0.072; 0.999891
0.08; 0.999891
0.088; 0.999891
0.096; 0.999891
0.104; 0.999891
0.112; 0.999891
0.12; 0.999891
0.128; 0.999891
0.136; 0.999891
0.144; 0.999891
0.152; 0.999891
0.16; 0.999891
0.168; 0.999891
0.176; 0.999891
0.184; 0.999891
0.192; 0.999891
0.2; 0.999891
0.208; 0.999891
0.216; 0.999891
0.224; 0.999891
0.232; 0.999891
0.24; 0.999891
0.248; 0.999891
0.256; 0.999891
0.264; 0.999891
0.272; 0.999891
0.28; 0.999891
0.288; 0.999891
0.296; 0.999891
0.304; 0.999891
0.312; 0.999891
0.32; 0.999891
0.328; 0.999891
0.336; 0.999891
0.344; 0.999891
0.352; 0.999891
0.36; 0.999891
0.368; 0.999891
0.376; 0.999891
0.384; 0.999891
0.392; 0.999891
0.4; 0.999891
0.408; 0.999891
0.416; 0.999891
0.424; 0.999891
0.432; 0.999891
0.44; 0.999891
0.448; 0.999891
0.456; 0.999891
0.464; 0.999891
0.472; 0.999891
0.48; 0.999891
0.488; 0.999891
0.496; 0.999891
0.504; 0.999891
0.512; 0.999891
0.52; 0.999891
0.528; 0.999891
0.536; 0.999891
0.544; 0.999891
0.552; 0.999891
0.56; 0.999891
0.568; 0.999891
0.576; 0.999891
0.584; 0.999891
0.592; 0.999891
0.6; 0.999891
0.608; 0.999891
0.616; 0.999891
0.624; 0.999891
0.632; 0.999891
0.64; 0.999891
0.648; 0.999891
0.656; 0.999891
0.664; 0.999891
0.672; 0.999891
0.68; 0.999891
0.688; 0.999891
0.696; 0.999891
0.704; 0.999891
0.712; 0.999891
0.72; 0.999891
0.728; 0.999891
0.736; 0.999891
0.744; 0.999891
0.752; 0.999891
0.76; 0.999891
0.768; 0.999891
0.776; 0.999891
0.784; 0.999891
0.792; 0.999891
0.8; 0.999891
0.808; 0.999891
0.816; 0.999891
0.824; 0.999891
0.832; 0.999891
0.84; 0.999891
0.848; 0.999891
0.856; 0.999891
0.864; 0.999891
0.872; 0.999891
0.88; 0.999891
0.888; 0.999891
0.896; 0.999891
0.904; 0.999891
0.912; 0.999891
0.92; 0.999891
0.928; 0.999891
0.936; 0.999891
0.944; 0.999891
0.952; 0.999891
0.96; 0.999891
0.968; 0.999891
0.976; 0.999891
0.984; 0.999891
0.992; 0.999891
1; 0.999891
1.008; 0.999891
1.016; 0.999891
1.024; 0.999891
1.032; 0.999891
1.04; 0.999891
1.048; 0.999891
1.056; 0.999891
1.064; 0.999891
1.072; 0.999891
1.08; 0.999891
1.088; 0.999891
1.096; 0.999891
1.104; 0.999891
1.112; 0.999891
1.12; 0.999891
1.128; 0.999891
1.136; 0.999891
1.144; 0.999891
1.152; 0.999891
1.16; 0.999891
1.168; 0.999891
1.176; 0.999891
1.184; 0.999891
1.192; 0.999891
1.2; 0.999891
1.208; 0.999891
1.216; 0.999891
1.224; 0.999891
1.232; 0.999891
1.24; 0.999891
1.248; 0.999891
1.256; 0.999891
1.264; 0.999891
1.272; 0.999891
1.28; 0.999891
1.288; 0.999891
1.296; 0.999891
1.304; 0.999891
1.312; 0.999891
1.32; 0.999891
1.328; 0.999891
1.336; 0.999891
1.344; 0.999891
1.352; 0.999891
1.36; 0.999891
1.368; 0.999891
1.376; 0.999891
1.384; 0.999891
1.392; 0.999891
1.4; 0.999891
1.408; 0.999891
1.416; 0.999891
1.424; 0.999891
1.432; 0.999891
1.44; 0.999891
1.448; 0.999891
1.456; 0.999891
1.464; 0.999891
1.472; 0.999891
1.48; 0.999891
1.488; 0.999891
1.496; 0.999891
1.504; 0.999891
1.512; 0.999891
1.52; 0.999891
1.528; 0.999891
1.536; 0.999891
1.544; 0.999891
1.552; 0.999891
1.56; 0.999891
1.568; 0.999891
1.576; 0.999891
1.584; 0.999891
1.592; 0.999891
1.6; 0.999891
1.608; 0.999891
1.616; 0.999891
1.624; 0.999891
1.632; 0.999891
1.64; 0.999891
1.648; 0.999891
1.656; 0.999891
1.664; 0.999891
1.672; 0.999891
1.68; 0.999891
1.688; 0.999891
1.696; 0.999891
1.704; 0.999891
1.712; 0.999891
1.72; 0.999891
1.728; 0.999891
1.736; 0.999891
1.744; 0.999891
1.752; 0.999891
1.76; 0.999891
1.768; 0.999891
1.776; 0.999891
1.784; 0.999891
1.792; 0.999891
1.8; 0.999891
1.808; 0.999891
1.816; 0.999891
1.824; 0.999891
1.832; 0.999891
1.84; 0.999891
1.848; 0.999891
1.856; 0.999891
1.864; 0.999891
1.872; 0.999891
1.88; 0.999891
1.888; 0.999891
1.896; 0.999891
1.904; 0.999891
1.912; 0.999891
1.92; 0.999891
1.928; 0.999891
1.936; 0.999891
1.944; 0.999891
1.952; 0.999891
1.96; 0.999891
1.968; 0.999891
1.976; 0.999891
1.984; 0.999891
1.992; 0.999891
2; 0.999891
Data for time t[us]=0.2
0; 0.999783
0.008; 0.999783
0.016; 0.999783
0.024; 0.999783
0.032; 0.999783
0.04; 0.999783
0.048; 0.999783
0.056; 0.999783
0.064; 0.999783
0.072; 0.999783
0.08; 0.999783
0.088; 0.999783
0.096; 0.999783
0.104; 0.999783
0.112; 0.999783
0.12; 0.999783
0.128; 0.999783
0.136; 0.999783
0.144; 0.999783
0.152; 0.999783
0.16; 0.999783
0.168; 0.999783
0.176; 0.999783
0.184; 0.999783
0.192; 0.999783
0.2; 0.999783
0.208; 0.999783
0.216; 0.999783
0.224; 0.999783
0.232; 0.999783
0.24; 0.999783
0.248; 0.999783
0.256; 0.999783
0.264; 0.999783
0.272; 0.999783
0.28; 0.999783
0.288; 0.999783
0.296; 0.999783
0.304; 0.999783
0.312; 0.999783
0.32; 0.999783
0.328; 0.999783
0.336; 0.999783
0.344; 0.999783
0.352; 0.999783
0.36; 0.999783
0.368; 0.999783
0.376; 0.999783
0.384; 0.999783
0.392; 0.999783
0.4; 0.999783
0.408; 0.999783
0.416; 0.999783
0.424; 0.999783
0.432; 0.999783
0.44; 0.999783
0.448; 0.999783
0.456; 0.999783
0.464; 0.999783
0.472; 0.999783
0.48; 0.999783
0.488; 0.999783
0.496; 0.999783
0.504; 0.999783
0.512; 0.999783
0.52; 0.999783
0.528; 0.999783
0.536; 0.999783
0.544; 0.999783
0.552; 0.999783
0.56; 0.999783
0.568; 0.999783
0.576; 0.999783
0.584; 0.999783
0.592; 0.999783
0.6; 0.999783
0.608; 0.999783
0.616; 0.999783
0.624; 0.999783
0.632; 0.999783
0.64; 0.999783
0.648; 0.999783
0.656; 0.999783
0.664; 0.999783
0.672; 0.999783
0.68; 0.999783
0.688; 0.999783
0.696; 0.999783
0.704; 0.999783
0.712; 0.999783
0.72; 0.999783
0.728; 0.999783
0.736; 0.999783
0.744; 0.999783
0.752; 0.999783
0.76; 0.999783
0.768; 0.999783
0.776; 0.999783
0.784; 0.999783
0.792; 0.999783
0.8; 0.999783
0.808; 0.999783
0.816; 0.999783
0.824; 0.999783
0.832; 0.999783
0.84; 0.999783
0.848; 0.999783
0.856; 0.999783
0.864; 0.999783
0.872; 0.999783
0.88; 0.999783
0.888; 0.999783
0.896; 0.999783
0.904; 0.999783
0.912; 0.999783
0.92; 0.999783
0.928; 0.999783
0.936; 0.999783
0.944; 0.999783
0.952; 0.999783
0.96; 0.999783
0.968; 0.999783
0.976; 0.999783
0.984; 0.999783
0.992; 0.999783
1; 0.999783
1.008; 0.999783
1.016; 0.999783
1.024; 0.999783
1.032; 0.999783
1.04; 0.999783
1.048; 0.999783
1.056; 0.999783
1.064; 0.999783
1.072; 0.999783
1.08; 0.999783
1.088; 0.999783
1.096; 0.999783
1.104; 0.999783
1.112; 0.999783
1.12; 0.999783
1.128; 0.999783
1.136; 0.999783
1.144; 0.999783
1.152; 0.999783
1.16; 0.999783
1.168; 0.999783
1.176; 0.999783
1.184; 0.999783
1.192; 0.999783
1.2; 0.999783
1.208; 0.999783
1.216; 0.999783
1.224; 0.999783
1.232; 0.999783
1.24; 0.999783
1.248; 0.999783
1.256; 0.999783
1.264; 0.999783
1.272; 0.999783
1.28; 0.999783
1.288; 0.999783
1.296; 0.999783
1.304; 0.999783
1.312; 0.999783
1.32; 0.999783
1.328; 0.999783
1.336; 0.999783
1.344; 0.999783
1.352; 0.999783
1.36; 0.999783
1.368; 0.999783
1.376; 0.999783
1.384; 0.999783
1.392; 0.999783
1.4; 0.999783
1.408; 0.999783
1.416; 0.999783
1.424; 0.999783
1.432; 0.999783
1.44; 0.999783
1.448; 0.999783
1.456; 0.999783
1.464; 0.999783
1.472; 0.999783
1.48; 0.999783
1.488; 0.999783
1.496; 0.999783
1.504; 0.999783
1.512; 0.999783
1.52; 0.999783
1.528; 0.999783
1.536; 0.999783
1.544; 0.999783
1.552; 0.999783
1.56; 0.999783
1.568; 0.999783
1.576; 0.999783
1.584; 0.999783
1.592; 0.999783
1.6; 0.999783
1.608; 0.999783
1.616; 0.999783
1.624; 0.999783
1.632; 0.999783
1.64; 0.999783
1.648; 0.999783
1.656; 0.999783
1.664; 0.999783
1.672; 0.999783
1.68; 0.999783
1.688; 0.999783
1.696; 0.999783
1.704; 0.999783
1.712; 0.999783
1.72; 0.999783
1.728; 0.999783
1.736; 0.999783
1.744; 0.999783
1.752; 0.999783
1.76; 0.999783
1.768; 0.999783
1.776; 0.999783
1.784; 0.999783
1.792; 0.999783
1.8; 0.999783
1.808; 0.999783
1.816; 0.999783
1.824; 0.999783
1.832; 0.999783
1.84; 0.999783
1.848; 0.999783
1.856; 0.999783
1.864; 0.999783
1.872; 0.999783
1.88; 0.999783
1.888; 0.999783
1.896; 0.999783
1.904; 0.999783
1.912; 0.999783
1.92; 0.999783
1.928; 0.999783
1.936; 0.999783
1.944; 0.999783
1.952; 0.999783
1.96; 0.999783
1.968; 0.999783
1.976; 0.999783
1.984; 0.999783
1.992; 0.999783
2; 0.999783
Data for time t[us]=0.3
0; 0.999674
0.008; 0.999674
0.016; 0.999674
0.024; 0.999674
0.032; 0.999674
0.04; 0.999674
0.048; 0.999674
0.056; 0.999674
0.064; 0.999674
0.072; 0.999674
0.08; 0.999674
0.088; 0.999674
0.096; 0.999674
0.104; 0.999674
0.112; 0.999674
0.12; 0.999674
0.128; 0.999674
0.136; 0.999674
0.144; 0.999674
0.152; 0.999674
0.16; 0.999674
0.168; 0.999674
0.176; 0.999674
0.184; 0.999674
0.192; 0.999674
0.2; 0.999674
0.208; 0.999674
0.216; 0.999674
0.224; 0.999674
0.232; 0.999674
0.24; 0.999674
0.248; 0.999674
0.256; 0.999674
0.264; 0.999674
0.272; 0.999674
0.28; 0.999674
0.288; 0.999674
0.296; 0.999674
0.304; 0.999674
0.312; 0.999674
0.32; 0.999674
0.328; 0.999674
0.336; 0.999674
0.344; 0.999674
0.352; 0.999674
0.36; 0.999674
0.368; 0.999674
0.376; 0.999674
0.384; 0.999674
0.392; 0.999674
0.4; 0.999674
0.408; 0.999674
0.416; 0.999674
0.424; 0.999674
0.432; 0.999674
0.44; 0.999674
0.448; 0.999674
0.456; 0.999674
0.464; 0.999674
0.472; 0.999674
0.48; 0.999674
0.488; 0.999674
0.496; 0.999674
0.504; 0.999674
0.512; 0.999674
0.52; 0.999674
0.528; 0.999674
0.536; 0.999674
0.544; 0.999674
0.552; 0.999674
0.56; 0.999674
0.568; 0.999674
0.576; 0.999674
0.584; 0.999674
0.592; 0.999674
0.6; 0.999674
0.608; 0.999674
0.616; 0.999674
0.624; 0.999674
0.632; 0.999674
0.64; 0.999674
0.648; 0.999674
0.656; 0.999674
0.664; 0.999674
0.672; 0.999674
0.68; 0.999674
0.688; 0.999674
0.696; 0.999674
0.704; 0.999674
0.712; 0.999674
0.72; 0.999674
0.728; 0.999674
0.736; 0.999674
0.744; 0.999674
0.752; 0.999674
0.76; 0.999674
0.768; 0.999674
0.776; 0.999674
0.784; 0.999674
0.792; 0.999674
0.8; 0.999674
0.808; 0.999674
0.816; 0.999674
0.824; 0.999674
0.832; 0.999674
0.84; 0.999674
0.848; 0.999674
0.856; 0.999674
0.864; 0.999674
0.872; 0.999674
0.88; 0.999674
0.888; 0.999674
0.896; 0.999674
0.904; 0.999674
0.912; 0.999674
0.92; 0.999674
0.928; 0.999674
0.936; 0.999674
0.944; 0.999674
0.952; 0.999674
0.96; 0.999674
0.968; 0.999674
0.976; 0.999674
0.984; 0.999674
0.992; 0.999674
1; 0.999674
1.008; 0.999674
1.016; 0.999674
1.024; 0.999674
1.032; 0.999674
1.04; 0.999674
1.048; 0.999674
1.056; 0.999674
1.064; 0.999674
1.072; 0.999674
1.08; 0.999674
1.088; 0.999674
1.096; 0.999674
1.104; 0.999674
1.112; 0.999674
1.12; 0.999674
1.128; 0.999674
1.136; 0.999674
1.144; 0.999674
1.152; 0.999674
1.16; 0.999674
1.168; 0.999674
1.176; 0.999674
1.184; 0.999674
1.192; 0.999674
1.2; 0.999674
1.208; 0.999674
1.216; 0.999674
1.224; 0.999674
1.232; 0.999674
1.24; 0.999674
1.248; 0.999674
1.256; 0.999674
1.264; 0.999674
1.272; 0.999674
1.28; 0.999674
1.288; 0.999674
1.296; 0.999674
1.304; 0.999674
1.312; 0.999674
1.32; 0.999674
1.328; 0.999674
1.336; 0.999674
1.344; 0.999674
1.352; 0.999674
1.36; 0.999674
1.368; 0.999674
1.376; 0.999674
1.384; 0.999674
1.392; 0.999674
1.4; 0.999674
1.408; 0.999674
1.416; 0.999674
1.424; 0.999674
1.432; 0.999674
1.44; 0.999674
1.448; 0.999674
1.456; 0.999674
1.464; 0.999674
1.472; 0.999674
1.48; 0.999674
1.488; 0.999674
1.496; 0.999674
1.504; 0.999674
1.512; 0.999674
1.52; 0.999674
1.528; 0.999674
1.536; 0.999674
1.544; 0.999674
1.552; 0.999674
1.56; 0.999674
1.568; 0.999674
1.576; 0.999674
1.584; 0.999674
1.592; 0.999674
1.6; 0.999674
1.608; 0.999674
1.616; 0.999674
1.624; 0.999674
1.632; 0.999674
1.64; 0.999674
1.648; 0.999674
1.656; 0.999674
1.664; 0.999674
1.672; 0.999674
1.68; 0.999674
1.688; 0.999674
1.696; 0.999674
1.704; 0.999674
1.712; 0.999674
1.72; 0.999674
1.728; 0.999674
1.736; 0.999674
1.744; 0.999674
1.752; 0.999674
1.76; 0.999674
1.768; 0.999674
1.776; 0.999674
1.784; 0.999674
1.792; 0.999674
1.8; 0.999674
1.808; 0.999674
1.816; 0.999674
1.824; 0.999674
1.832; 0.999674
1.84; 0.999674
1.848; 0.999674
1.856; 0.999674
1.864; 0.999674
1.872; 0.999674
1.88; 0.999674
1.888; 0.999674
1.896; 0.999674
1.904; 0.999674
1.912; 0.999674
1.92; 0.999674
1.928; 0.999674
1.936; 0.999674
1.944; 0.999674
1.952; 0.999674
1.96; 0.999674
1.968; 0.999674
1.976; 0.999674
1.984; 0.999674
1.992; 0.999674
2; 0.999674
Data for time t[us]=0.4
0; 0.999565
0.008; 0.999565
0.016; 0.999565
0.024; 0.999565
0.032; 0.999565
0.04; 0.999565
0.048; 0.999565
0.056; 0.999565
0.064; 0.999565
0.072; 0.999565
0.08; 0.999565
0.088; 0.999565
0.096; 0.999565
0.104; 0.999565
0.112; 0.999565
0.12; 0.999565
0.128; 0.999565
0.136; 0.999565
0.144; 0.999565
0.152; 0.999565
0.16; 0.999565
0.168; 0.999565
0.176; 0.999565
0.184; 0.999565
0.192; 0.999565
0.2; 0.999565
0.208; 0.999565
0.216; 0.999565
0.224; 0.999565
0.232; 0.999565
0.24; 0.999565
0.248; 0.999565
0.256; 0.999565
0.264; 0.999565
0.272; 0.999565
0.28; 0.999565
0.288; 0.999565
0.296; 0.999565
0.304; 0.999565
0.312; 0.999565
0.32; 0.999565
0.328; 0.999565
0.336; 0.999565
0.344; 0.999565
0.352; 0.999565
0.36; 0.999565
0.368; 0.999565
0.376; 0.999565
0.384; 0.999565
0.392; 0.999565
0.4; 0.999565
0.408; 0.999565
0.416; 0.999565
0.424; 0.999565
0.432; 0.999565
0.44; 0.999565
0.448; 0.999565
0.456; 0.999565
0.464; 0.999565
0.472; 0.999565
0.48; 0.999565
0.488; 0.999565
0.496; 0.999565
0.504; 0.999565
0.512; 0.999565
0.52; 0.999565
0.528; 0.999565
0.536; 0.999565
0.544; 0.999565
0.552; 0.999565
0.56; 0.999565
0.568; 0.999565
0.576; 0.999565
0.584; 0.999565
0.592; 0.999565
0.6; 0.999565
0.608; 0.999565
0.616; 0.999565
0.624; 0.999565
0.632; 0.999565
0.64; 0.999565
0.648; 0.999565
0.656; 0.999565
0.664; 0.999565
0.672; 0.999565
0.68; 0.999565
0.688; 0.999565
0.696; 0.999565
0.704; 0.999565
0.712; 0.999565
0.72; 0.999565
0.728; 0.999565
0.736; 0.999565
0.744; 0.999565
0.752; 0.999565
0.76; 0.999565
0.768; 0.999565
0.776; 0.999565
0.784; 0.999565
0.792; 0.999565
0.8; 0.999565
0.808; 0.999565
0.816; 0.999565
0.824; 0.999565
0.832; 0.999565
0.84; 0.999565
0.848; 0.999565
0.856; 0.999565
0.864; 0.999565
0.872; 0.999565
0.88; 0.999565
0.888; 0.999565
0.896; 0.999565
0.904; 0.999565
0.912; 0.999565
0.92; 0.999565
0.928; 0.999565
0.936; 0.999565
0.944; 0.999565
0.952; 0.999565
0.96; 0.999565
0.968; 0.999565
0.976; 0.999565
0.984; 0.999565
0.992; 0.999565
1; 0.999565
1.008; 0.999565
1.016; 0.999565
1.024; 0.999565
1.032; 0.999565
1.04; 0.999565
1.048; 0.999565
1.056; 0.999565
1.064; 0.999565
1.072; 0.999565
1.08; 0.999565
1.088; 0.999565
1.096; 0.999565
1.104; 0.999565
1.112; 0.999565
1.12; 0.999565
1.128; 0.999565
1.136; 0.999565
1.144; 0.999565
1.152; 0.999565
1.16; 0.999565
1.168; 0.999565
1.176; 0.999565
1.184; 0.999565
1.192; 0.999565
1.2; 0.999565
1.208; 0.999565
1.216; 0.999565
1.224; 0.999565
1.232; 0.999565
1.24; 0.999565
1.248; 0.999565
1.256; 0.999565
1.264; 0.999565
1.272; 0.999565
1.28; 0.999565
1.288; 0.999565
1.296; 0.999565
1.304; 0.999565
1.312; 0.999565
1.32; 0.999565
1.328; 0.999565
1.336; 0.999565
1.344; 0.999565
1.352; 0.999565
1.36; 0.999565
1.368; 0.999565
1.376; 0.999565
1.384; 0.999565
1.392; 0.999565
1.4; 0.999565
1.408; 0.999565
1.416; 0.999565
1.424; 0.999565
1.432; 0.999565
1.44; 0.999565
1.448; 0.999565
1.456; 0.999565
1.464; 0.999565
1.472; 0.999565
1.48; 0.999565
1.488; 0.999565
1.496; 0.999565
1.504; 0.999565
1.512; 0.999565
1.52; 0.999565
1.528; 0.999565
1.536; 0.999565
1.544; 0.999565
1.552; 0.999565
1.56; 0.999565
1.568; 0.999565
1.576; 0.999565
1.584; 0.999565
1.592; 0.999565
1.6; 0.999565
1.608; 0.999565
1.616; 0.999565
1.624; 0.999565
1.632; 0.999565
1.64; 0.999565
1.648; 0.999565
1.656; 0.999565
1.664; 0.999565
1.672; 0.999565
1.68; 0.999565
1.688; 0.999565
1.696; 0.999565
1.704; 0.999565
1.712; 0.999565
1.72; 0.999565
1.728; 0.999565
1.736; 0.999565
1.744; 0.999565
1.752; 0.999565
1.76; 0.999565
1.768; 0.999565
1.776; 0.999565
1.784; 0.999565
1.792; 0.999565
1.8; 0.999565
1.808; 0.999565
1.816; 0.999565
1.824; 0.999565
1.832; 0.999565
1.84; 0.999565
1.848; 0.999565
1.856; 0.999565
1.864; 0.999565
1.872; 0.999565
1.88; 0.999565
1.888; 0.999565
1.896; 0.999565
1.904; 0.999565
1.912; 0.999565
1.92; 0.999565
1.928; 0.999565
1.936; 0.999565
1.944; 0.999565
1.952; 0.999565
1.96; 0.999565
1.968; 0.999565
1.976; 0.999565
1.984; 0.999565
1.992; 0.999565
2; 0.999565
Data for time t[us]=0.8
0; 0.999131
0.008; 0.999131
0.016; 0.999131
0.024; 0.999131
0.032; 0.999131
0.04; 0.999131
0.048; 0.999131
0.056; 0.999131
0.064; 0.999131
0.072; 0.999131
0.08; 0.999131
0.088; 0.999131
0.096; 0.999131
0.104; 0.999131
0.112; 0.999131
0.12; 0.999131
0.128; 0.999131
0.136; 0.999131
0.144; 0.999131
0.152; 0.999131
0.16; 0.999131
0.168; 0.999131
0.176; 0.999131
0.184; 0.999131
0.192; 0.999131
0.2; 0.999131
0.208; 0.999131
0.216; 0.999131
0.224; 0.999131
0.232; 0.999131
0.24; 0.999131
0.248; 0.999131
0.256; 0.999131
0.264; 0.999131
0.272; 0.999131
0.28; 0.999131
0.288; 0.999131
0.296; 0.999131
0.304; 0.999131
0.312; 0.999131
0.32; 0.999131
0.328; 0.999131
0.336; 0.999131
0.344; 0.999131
0.352; 0.999131
0.36; 0.999131
0.368; 0.999131
0.376; 0.999131
0.384; 0.999131
0.392; 0.999131
0.4; 0.999131
0.408; 0.999131
0.416; 0.999131
0.424; 0.999131
0.432; 0.999131
0.44; 0.999131
0.448; 0.999131
0.456; 0.999131
0.464; 0.999131
0.472; 0.999131
0.48; 0.999131
0.488; 0.999131
0.496; 0.999131
0.504; 0.999131
0.512; 0.999131
0.52; 0.999131
0.528; 0.999131
0.536; 0.999131
0.544; 0.999131
0.552; 0.999131
0.56; 0.999131
0.568; 0.999131
0.576; 0.999131
0.584; 0.999131
0.592; 0.999131
0.6; 0.999131
0.608; 0.999131
0.616; 0.999131
0.624; 0.999131
0.632; 0.999131
0.64; 0.999131
0.648; 0.999131
0.656; 0.999131
0.664; 0.999131
0.672; 0.999131
0.68; 0.999131
0.688; 0.999131
0.696; 0.999131
0.704; 0.999131
0.712; 0.999131
0.72; 0.999131
0.728; 0.999131
0.736; 0.999131
0.744; 0.999131
0.752; 0.999131
0.76; 0.999131
0.768; 0.999131
0.776; 0.999131
0.784; 0.999131
0.792; 0.999131
0.8; 0.999131
0.808; 0.999131
0.816; 0.999131
0.824; 0.999131
0.832; 0.999131
0.84; 0.999131
0.848; 0.999131
0.856; 0.999131
0.864; 0.999131
0.872; 0.999131
0.88; 0.999131
0.888; 0.999131
0.896; 0.999131
0.904; 0.999131
0.912; 0.999131
0.92; 0.999131
0.928; 0.999131
0.936; 0.999131
0.944; 0.999131
0.952; 0.999131
0.96; 0.999131
0.968; 0.999131
0.976; 0.999131
0.984; 0.999131
0.992; 0.999131
1; 0.999131
1.008; 0.999131
1.016; 0.999131
1.024; 0.999131
1.032; 0.999131
1.04; 0.999131
1.048; 0.999131
1.056; 0.999131
1.064; 0.999131
1.072; 0.999131
1.08; 0.999131
1.088; 0.999131
1.096; 0.999131
1.104; 0.999131
1.112; 0.999131
1.12; 0.999131
1.128; 0.999131
1.136; 0.999131
1.144; 0.999131
1.152; 0.999131
1.16; 0.999131
1.168; 0.999131
1.176; 0.999131
1.184; 0.999131
1.192; 0.999131
1.2; 0.999131
1.208; 0.999131
1.216; 0.999131
1.224; 0.999131
1.232; 0.999131
1.24; 0.999131
1.248; 0.999131
1.256; 0.999131
1.264; 0.999131
1.272; 0.999131
1.28; 0.999131
1.288; 0.999131
1.296; 0.999131
1.304; 0.999131
1.312; 0.999131
1.32; 0.999131
1.328; 0.999131
1.336; 0.999131
1.344; 0.999131
1.352; 0.999131
1.36; 0.999131
1.368; 0.999131
1.376; 0.999131
1.384; 0.999131
1.392; 0.999131
1.4; 0.999131
1.408; 0.999131
1.416; 0.999131
1.424; 0.999131
1.432; 0.999131
1.44; 0.999131
1.448; 0.999131
1.456; 0.999131
1.464; 0.999131
1.472; 0.999131
1.48; 0.999131
1.488; 0.999131
1.496; 0.999131
1.504; 0.999131
1.512; 0.999131
1.52; 0.999131
1.528; 0.999131
1.536; 0.999131
1.544; 0.999131
1.552; 0.999131
1.56; 0.999131
1.568; 0.999131
1.576; 0.999131
1.584; 0.999131
1.592; 0.999131
1.6; 0.999131
1.608; 0.999131
1.616; 0.999131
1.624; 0.999131
1.632; 0.999131
1.64; 0.999131
1.648; 0.999131
1.656; 0.999131
1.664; 0.999131
1.672; 0.999131
1.68; 0.999131
1.688; 0.999131
1.696; 0.999131
1.704; 0.999131
1.712; 0.999131
1.72; 0.999131
1.728; 0.999131
1.736; 0.999131
1.744; 0.999131
1.752; 0.999131
1.76; 0.999131
1.768; 0.999131
1.776; 0.999131
1.784; 0.999131
1.792; 0.999131
1.8; 0.999131
1.808; 0.999131
1.816; 0.999131
1.824; 0.999131
1.832; 0.999131
1.84; 0.999131
1.848; 0.999131
1.856; 0.999131
1.864; 0.999131
1.872; 0.999131
1.88; 0.999131
1.888; 0.999131
1.896; 0.999131
1.904; 0.999131
1.912; 0.999131
1.92; 0.999131
1.928; 0.999131
1.936; 0.999131
1.944; 0.999131
1.952; 0.999131
1.96; 0.999131
1.968; 0.999131
1.976; 0.999131
1.984; 0.999131
1.992; 0.999131
2; 0.999131
---------------------------------------
Final data for time t[us]=1
0; 0.998913
0.008; 0.998913
0.016; 0.998913
0.024; 0.998913
0.032; 0.998913
0.04; 0.998913
0.048; 0.998913
0.056; 0.998913
0.064; 0.998913
0.072; 0.998913
0.08; 0.998913
0.088; 0.998913
0.096; 0.998913
0.104; 0.998913
0.112; 0.998913
0.12; 0.998913
0.128; 0.998913
0.136; 0.998913
0.144; 0.998913
0.152; 0.998913
0.16; 0.998913
0.168; 0.998913
0.176; 0.998913
0.184; 0.998913
0.192; 0.998913
0.2; 0.998913
0.208; 0.998913
0.216; 0.998913
0.224; 0.998913
0.232; 0.998913
0.24; 0.998913
0.248; 0.998913
0.256; 0.998913
0.264; 0.998913
0.272; 0.998913
0.28; 0.998913
0.288; 0.998913
0.296; 0.998913
0.304; 0.998913
0.312; 0.998913
0.32; 0.998913
0.328; 0.998913
0.336; 0.998913
0.344; 0.998913
0.352; 0.998913
0.36; 0.998913
0.368; 0.998913
0.376; 0.998913
0.384; 0.998913
0.392; 0.998913
0.4; 0.998913
0.408; 0.998913
0.416; 0.998913
0.424; 0.998913
0.432; 0.998913
0.44; 0.998913
0.448; 0.998913
0.456; 0.998913
0.464; 0.998913
0.472; 0.998913
0.48; 0.998913
0.488; 0.998913
0.496; 0.998913
0.504; 0.998913
0.512; 0.998913
0.52; 0.998913
0.528; 0.998913
0.536; 0.998913
0.544; 0.998913
0.552; 0.998913
0.56; 0.998913
0.568; 0.998913
0.576; 0.998913
0.584; 0.998913
0.592; 0.998913
0.6; 0.998913
0.608; 0.998913
0.616; 0.998913
0.624; 0.998913
0.632; 0.998913
0.64; 0.998913
0.648; 0.998913
0.656; 0.998913
0.664; 0.998913
0.672; 0.998913
0.68; 0.998913
0.688; 0.998913
0.696; 0.998913
0.704; 0.998913
0.712; 0.998913
0.72; 0.998913
0.728; 0.998913
0.736; 0.998913
0.744; 0.998913
0.752; 0.998913
0.76; 0.998913
0.768; 0.998913
0.776; 0.998913
0.784; 0.998913
0.792; 0.998913
0.8; 0.998913
0.808; 0.998913
0.816; 0.998913
0.824; 0.998913
0.832; 0.998913
0.84; 0.998913
0.848; 0.998913
0.856; 0.998913
0.864; 0.998913
0.872; 0.998913
0.88; 0.998913
0.888; 0.998913
0.896; 0.998913
0.904; 0.998913
0.912; 0.998913
0.92; 0.998913
0.928; 0.998913
0.936; 0.998913
0.944; 0.998913
0.952; 0.998913
0.96; 0.998913
0.968; 0.998913
0.976; 0.998913
0.984; 0.998913
0.992; 0.998913
1; 0.998913
1.008; 0.998913
1.016; 0.998913
1.024; 0.998913
1.032; 0.998913
1.04; 0.998913
1.048; 0.998913
1.056; 0.998913
1.064; 0.998913
1.072; 0.998913
1.08; 0.998913
1.088; 0.998913
1.096; 0.998913
1.104; 0.998913
1.112; 0.998913
1.12; 0.998913
1.128; 0.998913
1.136; 0.998913
1.144; 0.998913
1.152; 0.998913
1.16; 0.998913
1.168; 0.998913
1.176; 0.998913
1.184; 0.998913
1.192; 0.998913
1.2; 0.998913
1.208; 0.998913
1.216; 0.998913
1.224; 0.998913
1.232; 0.998913
1.24; 0.998913
1.248; 0.998913
1.256; 0.998913
1.264; 0.998913
1.272; 0.998913
1.28; 0.998913
1.288; 0.998913
1.296; 0.998913
1.304; 0.998913
1.312; 0.998913
1.32; 0.998913
1.328; 0.998913
1.336; 0.998913
1.344; 0.998913
1.352; 0.998913
1.36; 0.998913
1.368; 0.998913
1.376; 0.998913
1.384; 0.998913
1.392; 0.998913
1.4; 0.998913
1.408; 0.998913
1.416; 0.998913
1.424; 0.998913
1.432; 0.998913
1.44; 0.998913
1.448; 0.998913
1.456; 0.998913
1.464; 0.998913
1.472; 0.998913
1.48; 0.998913
1.488; 0.998913
1.496; 0.998913
1.504; 0.998913
1.512; 0.998913
1.52; 0.998913
1.528; 0.998913
1.536; 0.998913
1.544; 0.998913
1.552; 0.998913
1.56; 0.998913
1.568; 0.998913
1.576; 0.998913
1.584; 0.998913
1.592; 0.998913
1.6; 0.998913
1.608; 0.998913
1.616; 0.998913
1.624; 0.998913
1.632; 0.998913
1.64; 0.998913
1.648; 0.998913
1.656; 0.998913
1.664; 0.998913
1.672; 0.998913
1.68; 0.998913
1.688; 0.998913
1.696; 0.998913
1.704; 0.998913
1.712; 0.998913
1.72; 0.998913
1.728; 0.998913
1.736; 0.998913
1.744; 0.998913
1.752; 0.998913
1.76; 0.998913
1.768; 0.998913
1.776; 0.998913
1.784; 0.998913
1.792; 0.998913
1.8; 0.998913
1.808; 0.998913
1.816; 0.998913
1.824; 0.998913
1.832; 0.998913
1.84; 0.998913
1.848; 0.998913
1.856; 0.998913
1.864; 0.998913
1.872; 0.998913
1.88; 0.998913
1.888; 0.998913
1.896; 0.998913
1.904; 0.998913
1.912; 0.998913
1.92; 0.998913
1.928; 0.998913
1.936; 0.998913
1.944; 0.998913
1.952; 0.998913
1.96; 0.998913
1.968; 0.998913
1.976; 0.998913
1.984; 0.998913
1.992; 0.998913
2; 0.998913
---------------------------------------
Data with largest second layer area with a temperature less than 32 degrees for time t[us]=2e-07
0; 1
0.008; 1
0.016; 1
0.024; 1
0.032; 1
0.04; 1
0.048; 1
0.056; 1
0.064; 1
0.072; 1
0.08; 1
0.088; 1
0.096; 1
0.104; 1
0.112; 1
0.12; 1
0.128; 1
0.136; 1
0.144; 1
0.152; 1
0.16; 1
0.168; 1
0.176; 1
0.184; 1
0.192; 1
0.2; 1
0.208; 1
0.216; 1
0.224; 1
0.232; 1
0.24; 1
0.248; 1
0.256; 1
0.264; 1
0.272; 1
0.28; 1
0.288; 1
0.296; 1
0.304; 1
0.312; 1
0.32; 1
0.328; 1
0.336; 1
0.344; 1
0.352; 1
0.36; 1
0.368; 1
0.376; 1
0.384; 1
0.392; 1
0.4; 1
0.408; 1
0.416; 1
0.424; 1
0.432; 1
0.44; 1
0.448; 1
0.456; 1
0.464; 1
0.472; 1
0.48; 1
0.488; 1
0.496; 1
0.504; 1
0.512; 1
0.52; 1
0.528; 1
0.536; 1
0.544; 1
0.552; 1
0.56; 1
0.568; 1
0.576; 1
0.584; 1
0.592; 1
0.6; 1
0.608; 1
0.616; 1
0.624; 1
0.632; 1
0.64; 1
0.648; 1
0.656; 1
0.664; 1
0.672; 1
0.68; 1
0.688; 1
0.696; 1
0.704; 1
0.712; 1
0.72; 1
0.728; 1
0.736; 1
0.744; 1
0.752; 1
0.76; 1
0.768; 1
0.776; 1
0.784; 1
0.792; 1
0.8; 1
0.808; 1
0.816; 1
0.824; 1
0.832; 1
0.84; 1
0.848; 1
0.856; 1
0.864; 1
0.872; 1
0.88; 1
0.888; 1
0.896; 1
0.904; 1
0.912; 1
0.92; 1
0.928; 1
0.936; 1
0.944; 1
0.952; 1
0.96; 1
0.968; 1
0.976; 1
0.984; 1
0.992; 1
1; 1
1.008; 1
1.016; 1
1.024; 1
1.032; 1
1.04; 1
1.048; 1
1.056; 1
1.064; 1
1.072; 1
1.08; 1
1.088; 1
1.096; 1
1.104; 1
1.112; 1
1.12; 1
1.128; 1
1.136; 1
1.144; 1
1.152; 1
1.16; 1
1.168; 1
1.176; 1
1.184; 1
1.192; 1
1.2; 1
1.208; 1
1.216; 1
1.224; 1
1.232; 1
1.24; 1
1.248; 1
1.256; 1
1.264; 1
1.272; 1
1.28; 1
1.288; 1
1.296; 1
1.304; 1
1.312; 1
1.32; 1
1.328; 1
1.336; 1
1.344; 1
1.352; 1
1.36; 1
1.368; 1
1.376; 1
1.384; 1
1.392; 1
1.4; 1
1.408; 1
1.416; 1
1.424; 1
1.432; 1
1.44; 1
1.448; 1
1.456; 1
1.464; 1
1.472; 1
1.48; 1
1.488; 1
1.496; 1
1.504; 1
1.512; 1
1.52; 1
1.528; 1
1.536; 1
1.544; 1
1.552; 1
1.56; 1
1.568; 1
1.576; 1
1.584; 1
1.592; 1
1.6; 1
1.608; 1
1.616; 1
1.624; 1
1.632; 1
1.64; 1
1.648; 1
1.656; 1
1.664; 1
1.672; 1
1.68; 1
1.688; 1
1.696; 1
1.704; 1
1.712; 1
1.72; 1
1.728; 1
1.736; 1
1.744; 1
1.752; 1
1.76; 1
1.768; 1
1.776; 1
1.784; 1
1.792; 1
1.8; 1
1.808; 1
1.816; 1
1.824; 1
1.832; 1
1.84; 1
1.848; 1
1.856; 1
1.864; 1
1.872; 1
1.88; 1
1.888; 1
1.896; 1
1.904; 1
1.912; 1
1.92; 1
1.928; 1
1.936; 1
1.944; 1
1.952; 1
1.96; 1
1.968; 1
1.976; 1
1.984; 1
1.992; 1
2; 1
Second layer area with a temperature less than 32 degrees is 1 or 98.4252% of second layer
---------------------------------------
